S0:

9 8 12 1 7 14 6 2 3 11 4 10 13 5 0 15 
2 8 7 5 14 0 15 10 13 6 3 9 4 1 11 12 
1 11 8 15 3 10 2 5 0 6 9 12 13 4 7 14 
11 14 6 15 4 5 1 8 10 3 0 9 13 7 2 12 

S1:

0 7 6 14 5 9 11 8 13 10 15 4 1 3 2 12 
1 3 6 12 9 4 10 11 5 13 0 7 8 2 15 14 
9 10 1 13 0 2 12 8 5 4 15 11 3 6 14 7 
6 10 14 13 2 7 12 3 11 9 5 8 0 4 15 1 

S2:

14 5 7 3 9 8 10 1 11 12 13 15 0 4 2 6 
14 5 3 15 8 9 2 13 11 12 1 6 7 10 0 4 
6 14 7 5 11 1 4 15 13 9 2 0 12 8 10 3 
2 3 8 4 5 7 10 1 13 12 9 6 11 15 0 14 

S3:

15 8 7 4 6 10 14 1 3 9 5 12 13 11 0 2 
5 4 14 7 3 6 0 2 9 1 13 8 10 15 11 12 
4 15 11 10 6 0 7 5 2 1 14 3 12 8 13 9 
12 9 7 5 0 1 6 15 10 14 8 2 13 11 3 4 

S4:

10 12 9 0 15 6 8 14 4 3 1 13 5 11 7 2 
10 8 3 1 4 7 13 2 12 15 0 6 11 9 5 14 
1 11 2 7 5 8 6 13 0 14 3 15 12 10 4 9 
7 3 15 0 6 2 10 12 11 5 8 14 13 9 1 4 

S5:

5 8 0 4 12 11 9 7 10 6 15 13 14 3 1 2 
3 4 8 14 15 1 5 2 6 9 7 13 11 0 12 10 
13 15 9 2 8 10 14 3 4 5 1 12 0 7 11 6 
13 7 9 15 3 12 0 1 10 5 6 14 11 8 4 2 

S6:

9 11 14 13 8 10 2 6 15 5 1 0 3 7 4 12 
1 11 2 12 15 10 0 9 5 4 14 13 3 6 8 7 
10 6 5 2 15 0 9 4 3 8 14 11 7 1 13 12 
15 12 6 9 8 5 0 3 7 14 2 1 10 13 11 4 

S7:

10 2 9 11 1 6 8 4 7 3 12 15 14 0 13 5 
7 2 4 1 8 11 3 5 14 15 12 13 6 10 9 0 
1 4 3 2 14 11 12 7 5 6 0 15 13 8 10 9 
5 14 9 10 1 11 3 0 6 15 4 12 13 2 8 7 

